14.1984
17.2188
18.8964
20.0448
21.3732
22.4172
22.9752
23.2992
23.3424
23.1228
22.6908
22.2876
21.9456
21.6648
21.3768
21.114
20.9412
20.7648
20.6244
20.5056
20.196
19.908
19.3608
18.9612
18.846
18.8424
18.9324
19.1232
19.26
19.5696
20.3868
20.0412
19.2276
18.0828
16.9488
16.2684
15.5304
15.0048
14.7204
14.3928
14.3172
14.58
15.1416
15.1884
12.438
12.384
12.8736
13.3128
13.6764
14.0724
14.472
14.8104
15.1596
15.48
15.6384
15.84
16.0596
16.29
16.4952
16.686
17.0064
17.4456
17.8488
18.126
18.3996
18.6264
18.9576
19.4436
18.9756
19.3752
19.8648
20.4372
21.0564
21.6972
22.6152
23.4756
24.12
24.5772
24.8796
25.182
25.5852
25.902
26.1864
26.4996
26.856
27.2232
27.6732
28.2204
28.7856
29.2536
29.6244
29.9376
30.2544
30.5064
30.6576
30.8412
31.032
31.2156
31.3128
31.3488
31.3164
31.32
31.3452
31.428
31.4712
31.3632
31.302
31.2048
31.0608
30.9024
30.7404
30.5892
30.3804
30.078
29.5488
28.7388
28.062
28.098
28.4004
28.5876
28.5876
28.566
28.458
28.4004
28.3968
28.3788
28.3896
28.386
28.3608
28.4148
28.5012
28.6128
28.6668
28.8144
29.0412
29.2968
30.3084
30.8052
31.4496
32.3676
33.0228
33.678
34.56
35.5032
36.4428
37.2708
37.9008
38.4264
38.7324
38.7
38.5848
38.3868
38.0268
37.7388
37.4796
37.242
37.2852
33.426
31.2696
30.8016
30.3516
29.9016
29.3076
28.4688
27.7272
27.5724
27.6336
27.828
28.5228
29.5272
30.492
31.068
31.5072
31.7664
30.4488
30.5424
30.7008
30.8232
31.2588
29.1384
29.5092
29.8116
30.1608
30.6072
30.924
31.1688
31.7772
32.4864
32.976
33.372
33.5916
33.8436
34.1136
34.3908
34.7148
35.0856
35.4852
35.9208
36.1404
36.1584
36.0252
35.9928
35.9856
35.9352
35.8776
35.8848
35.8344
35.7444
35.6616
35.6184
35.676
35.8884
36.2448
36.4392
36.4788
36.5652
36.7056
36.9468
37.332
37.8144
38.3436
38.8728
39.3912
39.852
40.2048
40.3884
40.4028
40.5144
40.9788
41.346
41.4756
41.742
42.0984
42.6348
43.3584
44.2044
45.1944
46.2456
47.3076
48.2976
49.1364
49.626
49.6404
49.4028
49.6296
50.9076
50.958
50.3784
51.0336
51.2388
50.9832
50.3784
49.5648
48.7296
47.988
47.2608
46.4724
45.9216
45.8172
46.0728
46.6272
47.3292
47.8548
48.3372
48.7836
49.1544
49.4316
49.608
49.6008
45.6192
45.1944
44.7516
44.5176
44.226
44.0136
43.6176
41.652
41.1948
40.5576
39.9312
39.3228
38.6964
38.2716
37.962
37.6452
37.4652
37.2996
37.1448
37.0188
36.9828
36.9936
36.9828
36.72
36.306
35.5716
34.9524
34.3692
34.0956
34.092
34.3044
34.9164
35.5968
35.7732
35.8848
35.9244
35.8848
35.7372
35.6076
35.5608
35.7408
36.1188
36.6444
37.2672
37.998
38.7828
39.9708
41.3532
42.7104
44.0064
45.234
46.3176
47.0268
47.5488
48.3372
49.6044
50.8932
52.0272
53.4564
54.9756
57.5136
59.7888
60.4368
61.416
61.7544
61.92
62.4816
63.1152
63.4572
62.3952
60.3576
59.1048
57.996
55.7928
53.244
51.5628
50.0076
48.6612
47.6388
46.8108
46.0116
45.4212
44.964
44.7948
44.7552
44.7696
44.8452
44.9676
45.072
45.1404
45.45
45.36
45.1548
44.7084
43.9668
40.9824
39.996
38.7756
37.6164
36.6552
35.874
35.2656
34.6716
33.6888
32.6628
31.842
31.3524
30.9996
30.6108
30.1968
29.7468
29.3292
28.89
28.4328
27.8784
27.36
26.7732
26.0892
25.272
24.4116
23.5008
22.3632
21.6972
21.1572
20.8692
20.592
20.2932
19.62
19.4472
19.6308
19.7028
19.5588
19.5588
19.2852
18.8748
18.6948
18.6336
18.6696
18.702
18.6768
18.612
18.594
18.5904
18.6264
18.7812
18.918
19.1376
19.5948
20.3292
21.06
21.5928
21.8772
21.9168
21.7872
21.6396
21.4884
21.222
21.1284
20.88
21.0312
21.0132
20.9448
20.8512
20.6244
20.2284
19.9692
19.746
19.4076
18.7308
18.2556
17.7048
17.0856
16.4988
15.7896
15.3612
15.0696
14.5368
13.6836
12.5064
11.8008
11.466
11.808
12.2976
12.7116
12.9456
12.9384
12.402
11.646
11.736
10.5084
9.468
9.7848
10.5408
11.1276
11.6496
11.5596
11.8116
12.2868
12.6468
12.8016
12.798
12.7224
12.582
12.384
12.294
12.2148
12.1248
12.0348
11.6028
11.3544
11.3652
11.8116
11.8656
12.5316
13.5828
14.8176
16.3296
18.4536
20.8764
23.4684
26.3124
29.016
31.6404
33.6276
35.082
36.2772
37.3572
38.3508
39.5064
40.626
41.5404
42.4836
43.5996
45.0612
46.8828
48.7116
50.346
51.7572
52.6572
52.8012
52.4592
52.8048
53.5716
54.4896
55.3644
55.8936
56.1888
56.3544
56.4876
56.718
56.8332
55.9836
54.3564
52.4376
50.4864
48.7332
47.0052
45.108
43.1856
41.2884
38.9772
37.0512
36.3528
35.9064
35.7948
35.7444
34.9272
34.2072
33.2784
32.0184
30.5712
29.124
27.7812
26.6148
25.8084
25.0524
24.552
24.084
23.7528
23.4468
23.4108
23.4972
23.5296
23.5116
23.5692
23.598
23.544
23.436
23.3496
23.2056
23.0544
22.8816
22.6692
22.41
22.1688
21.9672
21.7548
21.6216
21.5388
21.5532
21.6504
21.8592
22.086
22.2696
22.77
23.6988
24.1524
24.2316
24.2892
24.4512
24.6132
24.7104
24.696
24.6888
24.7788
25.2648
25.7796
26.334
26.694
27.0036
27.2412
27.7056
28.2924
29.0772
30.1032
31.356
32.5764
33.786
34.9092
35.8704
35.1252
35.5896
36.1116
36.8352
36.7812
36.2088
35.586
34.9092
34.2252
33.6492
33.0156
32.5692
32.112
31.6008
31.2048
30.8628
30.5748
30.4488
30.4704
30.3912
29.8512
29.2356
28.5696
28.0404
27.828
24.3324
24.2964
24.0516
23.6448
23.4396
23.3496
23.3136
23.5332
23.994
24.426
24.3648
24.4872
24.642
24.7464
24.9192
25.1352
25.3728
25.6932
26.1324
26.6364
27.1008
27.6012
28.0152
28.4688
28.872
29.1636
29.2428
29.4624
29.664
29.9808
30.456
30.8376
31.4244
32.166
33.0552
34.236
35.8596
37.7064
39.7512
41.9112
44.0676
46.1088
47.9664
49.5504
50.4504
50.4684
49.7304
48.3408
46.7532
45.306
44.4456
43.4664
42.246
40.6512
39.132
37.3824
35.8092
34.596
33.6384
33.066
32.8284
32.958
33.8832
33.0912
34.1712
34.956
35.2008
34.7868
34.002
33.048
32.0148
31.284
30.96
30.8988
30.9492
31.158
31.4424
31.59
31.788
31.8888
32.0076
32.1012
32.1336
32.1588
32.1804
32.22
32.2848
32.3136
32.3028
32.4972
33.768
35.7264
38.2716
41.2848
43.9704
46.4472
49.0464
51.3324
52.8264
54.0396
55.0296
55.512
56.052
56.5128
56.718
56.3328
56.754
57.0672
56.916
56.3868
55.62
54.8568
54.1008
53.3016
52.524
51.8364
51.3936
52.0776
52.2108
52.2144
52.0596
52.1208
52.3656
52.38
52.3548
52.3368
52.3692
52.326
52.5816
51.822
51.714
51.5376
51.2748
51.0444
50.8896
51.0732
50.8572
50.4288
50.256
50.9328
52.0848
52.9416
53.514
53.9028
54.0864
54.3384
54.522
54.7164
54.8424
54.8712
54.5868
54.2556
53.9604
53.622
52.7544
51.8832
51.0768
50.4252
49.7304
49.0284
48.4704
48.042
47.7108
47.4156
47.0916
45.612
44.0028
39.7764
38.07
37.7784
37.2744
36.6696
36.1368
35.6184
35.0568
34.4052
33.516
32.4936
31.6656
30.9384
30.2184
29.3112
28.35
27.3492
26.3052
25.3836
24.8076
24.5556
25.3224
21.5712
21.3912
21.8628
22.3776
22.9788
23.7456
24.5448
25.2576
25.848
26.2584
26.3448
26.3628
26.8884
27.8208
29.0088
30.42
31.9716
33.5772
35.2296
36.8604
38.6388
40.2444
41.7384
43.2108
44.604
45.7128
46.656
47.6676
48.6576
49.8096
50.9256
51.8292
52.4052
52.8408
53.0856
52.668
51.8904
50.904
49.9824
49.482
48.7008
45.4104
44.6904
44.3124
43.7148
43.0128
42.0984
41.1912
40.2984
39.5316
38.8368
38.1852
37.584
36.9936
36.522
36.1836
36.0756
36.198
36.4788
36.8064
37.0476
36.918
36.378
35.5788
34.8696
34.5708
35.0712
36.2556
37.4724
38.2248
38.772
38.9484
39.4164
41.0796
43.1316
44.3376
44.6688
44.766
44.4744
43.4016
41.976
40.3272
38.4516
36.6804
35.0388
33.5952
32.1876
30.8232
29.772
28.9548
27.828
26.0388
24.1128
22.374
21.2328
20.2248
19.5696
19.0548
18.5688
18.0432
17.4744
16.8336
16.038
15.3756
14.904
14.4612
14.4432
14.4576
14.3676
14.4144
14.5008
14.5476
14.8536
15.2676
15.138
15.048
14.9688
14.904
14.7564
14.5908
14.5044
14.4432
14.3712
14.2884
14.2236
14.1876
14.1624
14.1804
14.238
14.3964
14.8464
15.1416
15.2964
15.5232
15.8112
16.1064
16.4772
16.8228
17.046
17.154
17.3592
17.532
17.7228
18.0108
18.648
19.5444
20.5272
21.5208
22.68
23.58
24.5628
25.3476
25.7508
25.83
26.0604
26.1396
26.2044
26.226
25.6284
24.6276
23.3604
21.51
19.026
17.0136
14.7456
12.744
10.53
7.8516
8.6616
9.9972
9.7668
9.5076
9.252
7.7148
6.948
8.1612
9.144
9.774
10.0368
10.0584
10.0512
10.2204
10.4868
10.7064
10.8756
11.1168
11.3544
11.5956
11.9052
12.2004
12.546
13.392
14.832
14.9724
15.0984
15.1596
15.246
15.7896
16.3728
16.506
16.4916
16.4628
16.4124
16.3908
16.326
16.1856
15.9012
15.5844
15.1848
14.7672
14.3316
13.86
13.1724
12.2616
11.2644
11.1708
10.8792
10.17
9.7668
9.6552
8.7804
8.5068
8.7624
8.7588
8.352
8.0784
8.3016
8.6688
9.0108
9.3492
9.6804
10.0332
10.4616
10.926
11.358
11.79
12.3768
13.1004
13.7016
14.49
15.8832
17.1648
18.6984
20.268
21.438
22.6512
24.0156
25.38
26.2368
26.6976
27.2232
27.7344
29.0592
30.1788
30.7404
30.9492
31.104
31.176
31.1184
30.7332
30.4092
29.8764
28.8036
26.9172
24.354
21.708
19.1448
16.2612
12.9744
10.5516
8.6544
6.4836
5.868
7.4268
8.0208
7.2468
6.6024
7.272
7.722
8.1072
8.424
8.7228
8.982
9.0828
9.2268
9.5472
9.828
9.9972
10.242
10.3428
10.4364
10.5444
10.62
10.602
10.6236
11.124
12.1464
12.3228
12.0636
9.864
10.1484
10.2816
10.3644
10.4184
10.5408
10.7856
10.6416
10.4112
10.5732
10.6524
10.4688
10.4256
10.1412
9.8856
9.7992
9.9
9.954
9.8496
9.7344
9.8892
9.882
9.8172
9.4968
9.3816
9.3456
9.5256
9.7992
10.0296
10.2204
10.4328
10.584
10.6632
10.7568
10.9116
11.0088
11.0916
11.628
12.3372
12.4668
12.4128
12.2148
11.8008
11.3292
11.0376
10.6812
10.0764
9.4536
8.1936
6.768
5.8536
6.1668
6.8868
7.3584
7.1964
7.56
8.0964
8.1612
8.0424
7.8156
7.7364
7.7544
7.7256
7.6176
7.7256
7.8984
7.9596
8.1648
8.2872
8.3736
8.4312
8.424
8.2584
8.226
8.316
8.4276
8.514
8.6796
8.802
8.8416
8.946
9.0972
9.1944
9.3312
9.4464
9.5868
9.6192
9.7272
9.7632
9.9792
10.2492
10.3104
10.4256
10.6956
11.8476
12.708
13.2732
13.878
14.4576
14.9904
15.5952
16.2684
17.1216
17.9784
18.666
19.296
19.944
20.6676
21.5784
22.2696
22.77
22.8672
22.752
22.9932
24.7644
26.0028
26.946
27.7164
28.6848
29.1204
29.2932
29.2248
28.9008
28.404
27.6372
26.9856
26.3448
25.83
25.488
25.2108
25.0092
24.8184
24.6276
24.4656
24.3144
24.174
24.0372
23.9652
24.1056
24.0984
23.9724
23.9184
23.9148
23.7276
23.634
23.5476
23.4396
23.2668
23.0148
22.7448
22.5216
22.3236
22.0824
21.888
21.6828
21.4128
21.096
20.7432
20.3112
18.8748
17.2008
15.4368
14.472
13.4208
12.3228
11.7
11.2572
10.584
8.0388
6.8832
8.9568
9.054
8.0424
8.4852
8.838
9.054
8.9676
9.1152
9.4284
9.6624
9.8424
10.0656
10.386
10.7208
11.088
11.4624
11.8152
12.258
12.8556
13.5828
14.3712
14.8212
15.1704
15.498
15.8076
16.2216
16.3908
16.506
17.5248
18.1044
18.4932
18.8064
19.224
20.1096
20.9376
21.3552
21.7188
22.014
22.428
22.482
22.572
20.4264
17.3808
14.4252
11.5128
8.7228
5.9508
3.2832
0.6228
0
0
0
0.036
3.9204
8.316
11.3904
13.5936
15.1704
16.3476
17.1792
17.9064
18.6012
19.2888
19.8072
20.3508
20.9304
21.4344
21.906
22.3668
22.77
23.184
23.6124
24.0984
24.6564
25.2936
26.0136
26.8776
27.8496
29.0556
30.4812
32.2164
34.1928
36.396
38.7864
41.4612
44.5428
48.1644
51.8112
55.5048
58.9428
61.5204
62.6292
61.8336
60.0948
58.0644
56.4084
55.6308
56.0196
57.1284
58.59
60.0588
61.6068
63.1188
64.5048
65.718
66.7512
67.194
66.384
64.7604
62.6976
60.66
58.7736
56.9844
55.5516
54.666
54.1332
53.5824
53.1648
53.082
53.4564
54.2628
55.2456
56.2284
57.1032
57.9024
58.716
59.6196
60.5376
61.272
61.9236
62.4348
62.8452
63.1584
63.4032
63.5796
63.6876
63.72
63.612
63.09
61.3152
59.0724
57.5352
55.9296
54.666
53.3484
52.128
50.9292
49.6404
48.2508
47.0628
46.0008
45.6912
46.1016
48.0888
51.4584
54.7164
57.0888
58.2696
58.4964
58.2624
57.8484
57.456
57.3012
57.5676
58.878
61.4664
64.6272
66.8952
67.6728
67.0788
65.052
62.8704
60.6708
58.4136
56.466
55.3428
54.9144
54.8964
55.134
55.7568
56.5344
57.312
58.0572
58.644
59.1948
59.706
60.2748
60.7824
61.2792
61.8048
62.3232
62.1396
61.6968
61.2612
60.804
60.2496
59.4
58.3128
56.9232
54.684
52.236
49.7448
48.6504
48.1788
47.9556
47.502
46.8504
46.0836
45.3528
44.586
43.7904
43.092
42.4584
41.9256
41.4324
40.9824
40.5288
39.9924
39.402
38.8476
38.376
38.1564
37.9944
37.7208
37.3356
37.0368
36.8388
36.6444
36.5292
36.5544
36.486
36.4932
36.6048
36.7524
37.0296
37.4256
37.872
38.358
38.016
38.5308
39.0024
39.4524
39.8484
40.2984
40.7628
41.2632
41.8104
42.1524
42.534
42.7752
42.0912
42.1776
42.174
41.994
41.3352
39.8556
37.5624
35.352
34.0524
32.9508
31.9968
31.3884
31.0176
30.7152
30.5028
30.33
30.1896
30.258
30.4488
30.3912
30.3336
30.2256
30.1392
30.0456
29.9736
29.9304
30.0024
30.186
30.4416
31.3812
31.8168
32.2452
32.6952
33.264
33.894
34.5096
35.0208
35.2692
35.028
34.0344
33.2892
32.9652
33.0552
33.2928
33.5412
33.7644
33.8508
33.984
34.2324
34.3152
34.2324
33.9516
33.6204
33.3144
33.3324
34.1784
35.4996
35.3556
34.8624
34.074
33.2604
32.5584
31.9644
31.518
31.1652
30.8052
30.528
30.6108
30.9492
31.2588
31.698
32.1552
32.6664
33.1416
33.6204
34.0056
34.2576
34.4016
34.5636
35.118
36.2232
37.9044
40.0788
42.1884
43.686
44.6004
44.8812
44.8704
44.9208
44.9028
44.784
44.5896
44.3412
43.6464
41.6844
39.474
38.0628
37.7352
37.8252
37.8108
37.8648
37.9044
37.8972
37.836
37.9296
38.5704
39.6576
40.4604
40.7268
40.5468
40.1904
39.744
39.3516
39.078
39.0276
39.222
39.5424
39.8124
39.7584
39.5352
39.0456
38.2968
37.3608
36.5472
35.748
34.9848
34.3368
33.93
34.038
34.7868
35.9352
37.0296
37.5768
37.9584
38.3616
38.4264
38.4228
38.3832
38.3508
38.2212
38.0268
37.8072
37.584
37.2672
37.1628
37.0656
36.9324
36.9108
36.8676
36.9828
33.4728
33.5484
33.624
33.6456
33.5232
33.3036
33.012
32.706
32.4036
32.022
31.5792
31.122
30.6648
30.2616
29.8764
29.4696
29.1204
28.8936
28.62
28.2924
28.1016
27.9396
27.5076
26.7588
26.0964
25.7436
25.7076
25.9164
25.4736
25.4988
25.704
25.8588
25.8948
25.9596
26.0064
26.0172
26.046
26.1324
26.226
26.1864
26.19
26.2188
26.2512
26.2764
26.298
26.3124
26.3376
26.4096
26.4672
26.5212
26.5464
26.514
26.5212
26.5356
26.514
26.496
26.4996
26.4744
26.4528
26.4384
26.4024
26.3844
26.3628
26.3412
26.3412
26.2836
26.2332
26.2476
26.3376
26.4204
26.4312
26.4276
26.406
26.406
26.4348
26.406
26.3808
26.3448
26.3232
26.3412
26.2908
26.208
26.0964
25.9596
25.7976
25.5924
25.3152
24.93
24.4404
23.9184
23.3388
22.626
21.8592
21.366
21.222
21.2724
21.3624
20.898
20.0628
19.5336
19.0908
18.8244
18.774
18.8856
19.062
19.368
20.1096
20.5056
20.3616
20.4768
20.5128
20.4372
20.1672
19.6416
18.7884
17.7336
16.3404
15.1236
14.328
13.2696
12.6864
12.4956
12.528
12.4884
12.7404
12.9744
13.0788
13.194
13.3884
13.6404
13.8744
14.0544
14.3424
14.8068
15.4584
16.0704
16.7328
17.7264
18.5076
19.6128
20.9556
22.0644
23.1516
24.0696
24.6888
25.254
25.614
25.938
26.1936
26.2944
26.5176
27.0756
28.0692
29.25
30.1896
31.158
32.346
33.5376
34.2216
34.8984
35.6472
36.5184
37.3968
38.07
38.4012
38.2284
37.4796
36.54
35.8956
35.8632
36.4428
37.3788
38.4372
39.5784
40.6944
41.6916
42.6636
43.6464
44.5788
45.4788
42.8652
43.758
44.6868
45.2016
44.9748
44.0352
42.48
40.4064
38.1924
36.1512
34.2432
32.9616
31.9212
30.9348
30.2976
29.7864
29.5812
29.844
30.3372
31.1256
32.0076
32.3748
32.544
32.8536
33.192
33.3936
33.5484
33.57
33.5052
33.5088
33.6276
33.8724
34.236
34.6572
35.1
35.5212
36.0144
36.5868
37.1088
37.6596
38.2932
38.9772
39.7476
40.6152
41.4504
42.1704
42.7068
43.0488
43.2036
43.4736
44.172
44.6652
45.2772
45.702
45.9576
46.1052
46.242
46.2996
46.2852
46.1268
45.3276
44.4168
43.3512
42.2892
41.382
40.572
39.9132
39.4596
39.1788
39.0888
39.258
39.6072
40.0464
40.572
41.1876
41.7528
42.336
42.948
43.6104
44.226
44.8416
45.522
46.3572
47.2716
46.5804
47.2104
47.7468
48.1716
48.5532
48.1788
48.7008
49.374
50.5656
51.7968
52.542
53.1468
53.5032
53.37
52.8624
52.1316
51.6456
51.7968
52.3512
52.794
52.866
52.6896
52.3404
51.9984
51.6528
51.318
50.7204
49.4568
47.3004
44.712
42.6636
40.8636
39.2616
37.2204
35.892
34.9344
33.9228
32.9796
32.1804
31.5396
31.158
31.176
31.4424
31.6476
31.68
31.4064
30.6288
29.4948
28.1772
26.8596
25.7076
24.804
24.2892
23.8932
23.4144
22.716
22.5072
22.5468
22.5684
22.7556
22.95
23.346
23.4792
23.4828
23.3064
22.9716
22.9608
22.8888
22.86
22.7664
22.6944
22.5072
22.2624
21.924
21.4344
20.9196
20.322
20.034
20.0952
20.5164
21.1896
22.3308
24.0804
26.7084
29.718
32.544
35.2404
37.5624
39.7872
41.9724
44.0784
46.4112
48.6504
50.7348
53.334
55.6596
56.5596
56.9268
57.2328
57.438
57.402
57.4056
57.4092
57.0456
56.5596
56.7216
56.97
57.1608
57.402
57.8124
58.1364
58.3164
58.4172
58.3884
58.1364
57.7008
57.078
56.3976
55.728
55.026
54.3456
53.802
53.2728
52.884
52.7256
52.9056
52.9596
52.74
52.3188
51.516
50.4252
49.3776
48.3624
47.5236
46.764
46.0548
45.4284
44.856
44.4204
44.0316
43.668
43.3296
43.0056
42.7572
42.4512
42.2532
42.1344
42.228
42.804
43.6356
43.7688
42.9552
41.7348
40.716
40.5036
40.1508
39.1212
37.1232
34.5996
31.9392
29.5668
27.702
26.3556
25.3584
24.8184
24.2784
22.9968
22.32
22.356
22.1868
21.5028
20.538
19.3752
18.1656
16.9524
15.8112
14.7708
13.8276
14.004
14.094
14.3352
14.7276
15.2136
15.6492
15.9804
16.3116
16.4232
16.2972
16.218
15.768
15.2496
14.7384
14.5548
14.5944
14.7456
15.0984
15.7068
16.4448
17.0352
17.7048
18.324
18.8352
18.9684
18.4896
17.532
16.9956
16.7652
16.5528
16.3512
14.7348
13.7952
13.338
13.302
13.3992
13.5072
13.6368
13.8168
14.0328
14.1336
14.31
14.5692
14.8644
15.2712
15.6816
16.0668
16.578
17.136
17.5932
17.7372
17.8884
18.1728
18.5544
18.9396
19.314
19.3068
19.1016
19.1124
19.5372
20.5308
22.266
25.1028
28.3932
31.4028
33.7932
36.09
37.3572
38.1024
38.5956
38.8728
38.9232
38.8512
38.682
38.3364
37.8684
37.2852
36.7812
36.4356
36.3204
36.6084
37.2456
38.016
38.8044
39.3336
39.6288
39.8484
40.0608
40.1796
40.1256
39.8412
39.3768
38.8692
38.4516
38.3688
38.4228
38.3832
38.1024
37.3824
36.3996
35.1864
33.7104
32.1912
30.5388
29.0232
27.7992
27.1476
26.7984
26.7084
26.8704
27.2052
27.1728
26.8596
26.2872
25.5564
24.7104
24.1524
23.5548
23.13
22.7556
22.5468
22.374
22.2444
22.176
22.3452
22.5
22.5936
22.7124
22.8564
22.9644
23.1192
23.2092
23.274
23.3316
23.2884
23.1984
23.1444
23.04
22.8492
22.6296
22.3164
21.9708
21.7044
21.5712
21.4956
21.5172
21.654
21.8484
21.996
22.2084
22.5288
22.7052
22.9284
22.9896
23.022
23.0868
